Name:1
Bullet:1:1.0:1:1.0
Case:1:1.0:1:1.0
Powder:1:6.479891000017397E-5:1000:1.0:1.0:g     :grs
Primer:1:1.0:1:1.0
Name:2
Bullet:2:1.0:2:2.0
Case:2:1.0:2:2.0
Powder:2:1.2959782000034794E-4:2000:2.0:2.0:g    :grs
Primer:2:1.0:2:2.0
